lx = 57.712511
ly = 55.814557
lz = 29.927599
num_pixels = 2197
map_nx = 14
map_ny = 13
map_nz = 7
corr_var_s = 0.23
corr_l_perp = 5
corr_l_para = 5
pcg_tol = 1.0e-5
pcg_max_iter = 1000
