lx = 47.651055
ly = 46.581934
lz = 49.882933
num_pixels = 1637
map_nx = 23
map_ny = 23
map_nz = 24
corr_var_s = 0.23
corr_l_perp = 5
corr_l_para = 5
pcg_tol = 1.0e-5
pcg_max_iter = 5000
