lx = 214.640019
ly = 215.328067
lz = 1517.882722
num_pixels = 85944
map_nx = 21
map_ny = 21
map_nz = 151
corr_var_s = 0.23
corr_l_perp = 5
corr_l_para = 5
pcg_tol = 1.0e-5
pcg_max_iter = 1000
