lx = 214.640019
ly = 215.328067
lz = 1517.882722
num_pixels = 87964
map_nx = 42
map_ny = 43
map_nz = 303
corr_var_s = 0.230000
corr_l_perp = 5.000000
corr_l_para = 5.000000
pcg_tol = 1.0e-5
pcg_max_iter = 5000
