lx = 215.117312
ly = 216.311324
lz = 1158.035237
num_pixels = 48039
map_nx = 43
map_ny = 43
map_nz = 231
corr_var_s = 0.23
corr_l_perp = 5
corr_l_para = 5
pcg_tol = 1.0e-5
pcg_max_iter = 5000
